0 0 0 0 0 0 1
0.547569 0.0696255 -0.10727 -0.00239793 0.0179553 -0.0434985 0.998889
0.846375 0.165003 -0.108748 -0.00592859 0.0230046 -0.0376303 0.999009
0.927788 0.177699 -0.107593 -0.00869794 0.019769 -0.141312 0.98973
0.331684 -0.757468 -0.0753413 -0.00867284 0.0183715 -0.216718 0.976023
-0.0381765 -1.7329 -0.0255034 -0.0120674 0.0185811 -0.328847 0.944123
-0.631292 -2.69856 0.0205485 -0.0128712 0.0169509 -0.436792 0.899311
-1.1149 -3.15599 0.0279547 -0.0134208 0.0154398 -0.436616 0.899415
-2.02644 -3.59277 0.0737418 -0.0147471 0.0150082 -0.442327 0.896607
-0.851971 -0.129117 0.0822696 -0.00278263 0.0161275 -0.417222 0.908657
-0.942932 -0.235588 0.0866362 -0.00329979 0.0161746 -0.40329 0.914923
-0.757323 -0.29182 0.0629901 -0.00248727 0.0180602 -0.389197 0.920974
-0.881477 -0.460172 0.0643532 -0.00300647 0.0178741 -0.390042 0.920619
-0.907863 -0.508037 0.0668859 -0.00313806 0.0184498 -0.392621 0.91951
-1.17556 -0.830991 0.0814837 -0.00236314 0.0184057 -0.395773 0.918161
-1.59246 -1.25217 0.113039 -0.0029873 0.0184406 -0.399527 0.916531
-1.80819 -1.52543 0.0953252 -0.00396225 0.0176617 -0.40232 0.91532
-2.1568 -1.90838 0.134493 -0.00342351 0.0195497 -0.401235 0.91576
-2.5265 -2.19888 0.154057 -0.00364786 0.0194821 -0.40324 0.914879
-2.87394 -2.50587 0.162548 -0.00372993 0.0205332 -0.403211 0.914869
-3.12971 -2.81019 0.150688 -0.00502141 0.0200571 -0.405594 0.91382
-3.16179 -2.91175 0.159651 -0.00490572 0.0199939 -0.406682 0.913338
-3.21151 -2.99003 0.15722 -0.00497538 0.0200237 -0.407796 0.91284
-3.27513 -3.05251 0.161958 -0.00464557 0.020449 -0.409102 0.912248
-3.43424 -3.20178 0.160495 -0.00473166 0.0205293 -0.410068 0.911811
-3.62554 -3.34537 0.161254 -0.00555954 0.0204829 -0.414231 0.909924
-3.76177 -3.4689 0.170746 -0.00569731 0.0210321 -0.414118 0.909962
-3.89732 -3.61062 0.17647 -0.00681685 0.0202484 -0.413763 0.910134
-3.95332 -3.701 0.191482 -0.00788581 0.0208757 -0.412782 0.910556
-4.03544 -3.80733 0.184048 -0.0077557 0.0203812 -0.413868 0.910076
-4.14092 -3.93767 0.196968 -0.00744484 0.0213003 -0.418334 0.908013
-4.44178 -4.07892 0.225075 -0.00674583 0.0233709 -0.420571 0.906934
-4.62371 -4.21289 0.210532 -0.00716057 0.0220994 -0.420282 0.907096
-4.98065 -4.63991 0.25731 -0.00874217 0.0218253 -0.417509 0.908369
-5.41704 -4.94421 0.288544 -0.0103903 0.0213926 -0.418691 0.907817
-6.15984 -5.34944 0.316009 -0.00992746 0.0211604 -0.423022 0.905818
-6.85975 -5.80982 0.360463 -0.00956238 0.0230031 -0.424334 0.905163
-7.40112 -6.19235 0.397667 -0.00832993 0.0266963 -0.428469 0.903123
-7.95473 -6.59199 0.439003 -0.00853289 0.0271236 -0.431201 0.901808
-8.60005 -7.14126 0.483339 -0.00757899 0.0292725 -0.429934 0.902354
-9.43225 -7.81037 0.512448 -0.00924926 0.0267425 -0.429926 0.90242
-10.2028 -8.44182 0.549373 -0.00906589 0.0268825 -0.430245 0.902266
-10.8969 -8.97941 0.576622 -0.00906969 0.0262778 -0.428035 0.903335
-11.6333 -9.60969 0.612633 -0.00905435 0.0255494 -0.429182 0.902811
-11.0741 -10.2584 0.775354 0.0160326 0.0199941 -0.375157 0.926607
-11.2026 -10.4709 0.742774 0.0152173 0.0194552 -0.377835 0.925544
-11.6697 -10.7133 0.73483 0.0145765 0.0201314 -0.383122 0.923363
-12.3264 -11.232 0.745693 0.0133308 0.0209259 -0.382142 0.92377
-13.0797 -11.929 0.701879 0.0124677 0.0205467 -0.380868 0.924317
-13.7587 -12.6652 0.663639 0.0118828 0.0203476 -0.383756 0.923134
-14.3697 -13.4019 0.645159 0.0112897 0.0202391 -0.386673 0.921926
-15.1996 -14.2256 0.625983 0.00831732 0.0205459 -0.386351 0.922085
-15.9537 -14.9967 0.634139 0.00892826 0.0207072 -0.383213 0.923385
-16.7549 -15.7505 0.632349 0.0101701 0.0214546 -0.384097 0.922987
-17.6781 -16.6754 0.643692 0.0151844 0.0244744 -0.382115 0.923666
-17.9288 -16.9336 0.6378 0.0140972 0.0251404 -0.38112 0.924076
-17.4237 -16.3906 0.660673 -0.00370616 0.0232744 -0.395509 0.91816
-16.8052 -16.1104 0.619621 -0.00457096 0.021678 -0.407617 0.912884
-16.7561 -16.1305 0.64641 -0.00306333 0.0218248 -0.373755 0.927266
-16.9294 -16.2328 0.643766 -0.00341402 0.021914 -0.369579 0.928935
-16.7598 -16.1663 0.634934 -0.00302771 0.0226507 -0.369227 0.929058
-16.8145 -16.1683 0.643735 -0.00315489 0.0226382 -0.368749 0.929248
-16.7937 -16.1651 0.64486 -0.00335815 0.0217544 -0.36824 0.92947
-16.8125 -16.1845 0.637689 -0.00334806 0.0222723 -0.367307 0.929827
-16.8301 -16.1922 0.631941 -0.00369399 0.02146 -0.367248 0.929868
-16.7945 -16.1761 0.641929 -0.0038292 0.0208939 -0.367911 0.929618
-16.7232 -16.2277 0.620737 -0.00145363 0.0263566 -0.368511 0.929248
-16.7504 -16.256 0.627164 -0.000429376 0.0289519 -0.368595 0.929139
-16.7388 -16.2397 0.619286 -0.00246928 0.0245403 -0.368644 0.929243
-16.7962 -16.2842 0.617144 -0.000875705 0.0282352 -0.368649 0.929139
-16.7896 -16.2695 0.622193 -0.00126495 0.0269984 -0.368357 0.929291
-16.7778 -16.2739 0.633447 -0.00142351 0.0267679 -0.368523 0.929232
-16.7626 -16.3136 0.616234 -0.00109771 0.0277215 -0.368832 0.929082
-16.7692 -16.3129 0.617319 -0.00126975 0.0267635 -0.368883 0.929089
-16.7535 -16.2776 0.618374 -0.00166809 0.0262625 -0.368647 0.929197
-16.7184 -16.2641 0.608849 -0.0004807 0.0293983 -0.368973 0.928975
-16.7188 -16.2708 0.608493 -0.000313804 0.0298499 -0.368846 0.929011
-16.7127 -16.2682 0.607232 9.60478e-05 0.0308524 -0.369159 0.928854
-16.7539 -16.3304 0.60885 -8.05823e-05 0.030396 -0.368993 0.928935
-16.8039 -16.3628 0.618069 0.000331954 0.030524 -0.369008 0.928925
-16.7449 -16.328 0.608131 0.000765793 0.0317334 -0.368974 0.928898
-16.7537 -16.3358 0.601597 0.00102571 0.0328669 -0.368952 0.928867
-16.7684 -16.3535 0.60731 0.00192061 0.0346602 -0.369277 0.928671
-16.7619 -16.3804 0.622284 -0.00162862 0.0265753 -0.369126 0.928998
-16.7898 -16.3895 0.634058 -0.000806394 0.0278703 -0.369325 0.928882
-16.7555 -16.4327 0.624583 -0.000672991 0.0280358 -0.36901 0.929002
-16.8209 -16.5146 0.625022 -0.00080658 0.0280197 -0.369142 0.92895
-16.8104 -16.5036 0.62041 -0.00102773 0.0271345 -0.368795 0.929114
-16.8267 -16.5493 0.620388 -0.000983222 0.0276954 -0.369021 0.929008
-16.8286 -16.5793 0.60134 -0.000766489 0.0282958 -0.369105 0.928957
-16.8042 -16.588 0.604364 -0.00109674 0.0276384 -0.368701 0.929136
-16.7878 -16.6256 0.609295 -0.000356375 0.0289897 -0.368749 0.929077
-16.7989 -16.654 0.606549 0.000127425 0.029747 -0.368863 0.929008
-16.7432 -16.5531 0.619244 -0.00131105 0.0263713 -0.36764 0.929593
-16.7141 -16.532 0.613808 -0.0019146 0.025235 -0.368502 0.929282
-16.765 -16.6289 0.608866 -0.0020601 0.0247943 -0.368046 0.929475
-16.8584 -16.6953 0.619128 -0.00244532 0.0241407 -0.368802 0.929191
-16.9088 -16.7688 0.622994 -0.00244355 0.0245954 -0.368411 0.929335
-16.5207 -16.6817 0.780896 0.00907592 0.0124471 -0.344976 0.938485
-16.7653 -16.615 0.785184 0.00768667 0.0137856 -0.308286 0.951163
-17.1187 -16.7736 0.672268 0.00113101 0.0274745 -0.284271 0.95835
-17.061 -16.7381 0.702106 0.00505347 0.031146 -0.286586 0.957535
-17.2478 -16.6263 0.713719 0.00592724 0.0268961 -0.305815 0.951693
-17.2641 -16.7932 0.711656 0.00389021 0.0257156 -0.336748 0.941236
-17.1746 -16.7897 0.669642 0.0065723 0.0231551 -0.370678 0.928449
-17.4281 -16.8986 0.63288 0.00794909 0.0227427 -0.396512 0.917713
-17.8103 -17.1533 0.674675 0.00744827 0.0235243 -0.397844 0.917121
-16.3661 -16.0147 0.767443 0.00690009 0.030388 -0.38883 0.920782
-14.6791 -14.5406 0.680343 0.00664181 0.0270719 -0.392901 0.919158
-13.0574 -13.0813 0.548421 0.00355978 0.0191231 -0.400931 0.915902
-13.1551 -13.1115 0.594721 0.00462606 0.0204418 -0.401725 0.915521
-13.295 -13.1567 0.602135 0.00417298 0.0210868 -0.403284 0.914822
-13.4321 -13.2278 0.551601 0.0015378 0.0174826 -0.398023 0.917208
-12.7736 -14.129 0.71647 0.0157901 0.00947423 -0.388381 0.921315
-12.9419 -14.3537 0.723767 0.018102 0.00752994 -0.369177 0.929152
-13.3186 -14.7184 0.682924 0.0157223 0.00931295 -0.359766 0.932864
-13.7814 -15.247 1.25176 0.0157811 0.0124943 -0.362353 0.931824
-14.3929 -15.8651 1.89946 0.0158172 0.00796793 -0.361773 0.932098
-15.0906 -16.6435 1.8904 0.0159172 0.00796691 -0.361421 0.932233
-15.0455 -16.7145 2.33599 0.0167653 0.0110874 -0.36156 0.932132
-15.3437 -17.134 2.23718 0.0235858 0.0099279 -0.336094 0.941481
-15.6636 -17.39 2.20126 0.0243082 0.00999357 -0.319569 0.947198
-15.5149 -18.4127 2.16875 0.0108644 0.0490564 -0.327144 0.943638
-15.7976 -18.9151 2.15668 0.0117102 0.0483325 -0.325953 0.944077
-15.8725 -19.3979 2.14328 0.0113158 0.046789 -0.328354 0.943327
-15.6163 -20.2383 2.21587 0.00108922 0.0339062 -0.347438 0.937089
-15.3717 -20.7628 2.25425 0.00112699 0.0310975 -0.362275 0.931552
-15.4128 -20.9152 2.25093 0.00133979 0.0305945 -0.366388 0.929958
-15.5389 -21.0297 2.25755 0.00226491 0.0310311 -0.366522 0.929889
-15.7062 -21.1733 2.25805 0.00364958 0.0310161 -0.366359 0.929949
-16.1698 -21.7004 2.23127 0.00441271 0.0320281 -0.367782 0.92935
-17.0867 -22.6221 2.28141 0.00508796 0.0308963 -0.366343 0.929953
-18.168 -23.8853 2.31148 0.00478851 0.0278456 -0.368241 0.929301
-19.0255 -24.6973 2.29891 0.00444169 0.0294321 -0.366335 0.930007
-19.8752 -25.5982 2.33943 0.00516384 0.0294896 -0.367366 0.929594
-20.8216 -26.6262 2.35482 0.00503035 0.0272605 -0.366932 0.929835
-21.8299 -27.7008 2.39972 0.00485341 0.0300633 -0.366967 0.929735
-22.9319 -28.8596 2.45223 0.00135792 0.0243663 -0.367137 0.929847
-23.8263 -29.8278 2.47964 -0.00172492 0.0280922 -0.368183 0.929327
-23.9584 -28.2341 0.471851 0.0448644 -0.0365916 -0.359672 0.931281
-24.6066 -28.9932 0.372458 0.0431227 -0.0361483 -0.359447 0.931467
-25.0989 -29.5162 0.726486 0.0317096 -0.0290933 -0.360292 0.931846
-25.7935 -30.344 1.02915 0.0153706 -0.0302579 -0.360546 0.932124
-26.5925 -31.2111 0.964163 0.00082702 -0.0267536 -0.353477 0.93506
-27.1846 -31.8447 0.363271 -0.0129714 0.000122676 -0.340941 0.939995
-27.5686 -32.2592 0.364306 -0.0128167 0.000698931 -0.339371 0.940565
-27.9739 -32.6578 0.367988 -0.0136455 0.00173593 -0.338196 0.940975
-28.0104 -32.5837 0.390274 -0.0138073 0.00260122 -0.338139 0.940991
-28.2961 -32.805 0.361637 -0.0136862 0.00333419 -0.33813 0.940994
-29.1965 -33.2339 0.597235 0.0101035 -0.0332402 -0.335942 0.941242
-30.012 -34.2263 0.576087 0.00772184 -0.0316037 -0.338715 0.940326
-30.7182 -35.0196 0.534167 0.00713978 -0.0314092 -0.343227 0.9387
-31.694 -36.22 0.446416 0.00599656 -0.0316747 -0.340274 0.939774
-32.755 -37.5374 0.395687 0.00564485 -0.0314896 -0.341836 0.939215
-34.0995 -35.0288 0.501178 -0.0116555 -0.00572866 -0.264531 0.96429
-34.3852 -35.372 0.564487 -0.0111376 -0.00512327 -0.26312 0.964685
-34.196 -35.5122 0.57455 -0.0115264 -0.00737063 -0.256099 0.966554
-34.2705 -35.7576 0.544102 -0.0123349 -0.00737265 -0.260523 0.965361
-34.4424 -36.1061 0.548562 -0.0128108 -0.00692077 -0.261338 0.965137
-34.1736 -36.329 0.538749 -0.0148934 -0.00698797 -0.264616 0.964213
-34.2255 -36.6015 0.561022 -0.0151899 -0.00639353 -0.270088 0.962695
-34.272 -36.901 0.587762 -0.0157537 -0.00601306 -0.274966 0.961306
-34.3099 -37.132 0.565969 -0.0164712 -0.00637109 -0.278695 0.960217
-34.3878 -37.4356 0.561157 -0.016781 -0.00695787 -0.284841 0.958403
-34.3249 -37.5018 0.565965 -0.0169367 -0.00707247 -0.282686 0.959037
-34.3317 -37.5426 0.574357 -0.0173145 -0.00688409 -0.282345 0.959132
-34.2532 -37.5199 0.576514 -0.0174632 -0.00637636 -0.282908 0.958967
-34.1911 -37.6331 0.5928 -0.0173109 -0.00665647 -0.280528 0.959667
-34.0378 -37.6327 0.599344 -0.0173952 -0.0067384 -0.278641 0.960214
-33.9081 -37.7226 0.615344 -0.0180582 -0.00753279 -0.279686 0.959892
-34.3218 -37.5916 0.59406 -0.0162359 -0.00951913 -0.288642 0.957252
-34.8211 -38.3098 0.620645 -0.0165731 -0.00915009 -0.287884 0.957478
-35.5328 -39.4364 0.588026 -0.0183536 -0.00985721 -0.28819 0.957347
-36.3709 -40.7261 0.623878 -0.0190633 -0.00965703 -0.288932 0.957111
-36.8895 -41.5889 0.643948 -0.0195276 -0.00973879 -0.287723 0.957465
-37.0955 -41.9163 0.659363 -0.0196372 -0.00963218 -0.288687 0.957174
-37.3805 -42.3224 0.672828 -0.0197341 -0.00952124 -0.288262 0.957301
-34.5433 -42.909 0.641435 -0.0155678 -0.00843772 -0.29478 0.955401
-31.5812 -43.6757 0.765756 -0.0174238 -0.0098089 -0.30245 0.952955
-28.1986 -45.7529 0.886758 -0.0182031 -0.0113245 -0.321005 0.946835
-24.7303 -48.0709 0.991326 -0.0163294 -0.0100931 -0.341989 0.939508
-21.3308 -50.1074 1.11378 -0.01743 -0.0119682 -0.35695 0.933884
-21.3412 -50.1098 1.11128 -0.0163957 -0.0134373 -0.445113 0.895224
-21.3161 -50.1143 1.11069 -0.0145849 -0.0153937 -0.550614 0.834491
-21.3319 -50.1069 1.11349 -0.0118831 -0.0175392 -0.674397 0.738065
-21.2792 -50.0012 1.11443 -0.00808789 -0.019766 -0.780472 0.624826
-21.2772 -49.9985 1.11171 -0.005774 -0.0204076 -0.85533 0.51765
-22.4056 -49.755 1.06591 -0.00402149 -0.0197344 -0.919854 0.391743
-23.346 -49.2223 0.88192 -0.000643827 -0.0247057 -0.966845 0.254167
-24.9844 -48.086 0.73023 0.00079746 -0.0211734 -0.995618 0.0910849
-26.3987 -46.0008 0.719205 0.00624637 -0.0168953 -0.996899 -0.0766009
-26.9751 -43.5036 0.594027 0.00507658 -0.0174782 -0.969896 -0.242838
-26.5291 -41.0022 0.429258 0.00846106 -0.0180902 -0.918007 -0.396062
-25.3093 -38.6328 0.29944 0.0127827 -0.0153452 -0.839421 -0.543115
-23.3372 -36.7981 0.267535 0.0126624 -0.0118879 -0.736816 -0.67587
-20.7406 -35.8629 0.28325 0.0203079 -0.0108723 -0.613172 -0.789614
-18.1128 -36.5686 0.386859 0.0230243 -0.0075765 -0.462509 -0.886283
-16.3571 -38.4361 0.497872 0.0239787 0.00228675 -0.302642 -0.9528
-15.4129 -40.6681 0.624566 0.0204099 0.00567872 -0.142298 -0.989597
-15.7554 -42.4869 0.692159 0.019453 0.00413723 0.0334618 -0.999242
-17.0787 -43.8636 0.666914 0.0201865 0.0102275 0.213308 -0.976723
-18.6021 -44.4865 0.625293 0.0184561 0.0119236 0.365255 -0.930648
-21.5383 -43.8231 0.582702 0.016156 0.013394 0.508826 -0.860614
-23.9621 -42.1309 0.523105 0.0141428 0.0122727 0.644279 -0.764561
-25.7228 -39.7243 -0.400536 0.00637059 0.0289946 0.762885 -0.645852
-26.4349 -36.8573 0.64792 0.0314893 -0.0614691 0.862162 -0.501903
-25.7987 -33.9178 2.47699 0.0197588 -0.0614168 0.934368 -0.350419
-23.8582 -31.13 3.25483 0.0231599 -0.0423424 0.984166 -0.170552
-20.9685 -29.366 3.15817 0.00926492 0.00766648 0.999812 0.0152059
-17.6991 -28.6771 2.98475 -0.00892958 0.0519843 0.978837 0.19773
-14.4653 -29.5676 2.98534 -0.0161349 0.0346165 0.927689 0.371395
-11.6989 -31.488 2.97305 -0.0134853 0.0220207 0.845808 0.532862
-9.88131 -34.3163 3.01865 -0.0230354 0.0268849 0.747859 0.662913
-9.33267 -37.792 2.96882 0.0148201 0.0341974 0.649783 0.759205
-10.571 -41.0834 2.62456 -0.00962839 0.0158532 0.563535 0.825884
-12.7484 -43.6308 2.44331 -0.0185979 -0.0196843 0.46351 0.885678
-15.4319 -45.6395 2.43174 -0.0171631 -0.020059 0.355611 0.934261
-18.7765 -46.5706 2.33256 -0.0185397 -0.0191881 0.259117 0.965477
-22.4796 -46.5316 2.29533 -0.0265359 -0.0180479 0.159125 0.986737
-26.1425 -45.7134 2.2469 -0.030293 -0.0199639 0.0536804 0.997899
-29.4966 -44.086 2.18532 -0.0315154 -0.00881101 -0.0441857 0.998487
-32.5024 -41.835 2.14796 -0.0313287 -0.00752723 -0.139804 0.989655
-34.9705 -39.1168 2.14089 -0.0262797 -0.0141484 -0.232932 0.972035
-36.2176 -35.9173 2.05697 -0.0226112 -0.0136747 -0.329781 0.943687
-36.6048 -32.6405 1.93209 -0.0217217 -0.0234127 -0.424555 0.904839
-36.4045 -29.6084 1.77198 -0.0119221 -0.0157199 -0.512735 0.85832
-35.1505 -26.6679 1.80837 -0.0239132 -0.0109371 -0.59496 0.803325
-33.3518 -24.0288 2.23805 -0.0485478 -0.0243154 -0.667302 0.742806
-31.1138 -22.1539 2.30026 -0.0477317 -0.0266243 -0.729034 0.682292
-28.6195 -20.7184 2.35209 -0.0663459 -0.0504922 -0.786066 0.612494
-25.1048 -20.2429 2.46188 -0.0559802 -0.0488742 -0.839273 0.538607
-21.7514 -20.8939 2.74332 -0.0412201 -0.0235659 -0.878673 0.475057
-18.5909 -21.9953 2.64611 -0.0290825 -0.0138452 -0.913812 0.404859
-15.7767 -23.493 2.58402 -0.0214013 -0.0206254 -0.943727 0.329387
-13.4716 -25.242 2.6204 -0.0369941 -0.0324382 -0.968554 0.243891
-11.5062 -27.3161 2.60724 -0.0386519 -0.0397254 -0.986003 0.157245
-10.2026 -30.7528 -1.31038 -0.00803869 -0.02096 -0.996477 0.0808093
-9.64565 -33.9768 -1.64057 -0.0284705 -0.0139455 -0.999412 0.013037
-9.74584 -37.5993 -1.03238 -0.0265147 -0.0286648 -0.997876 -0.052141
-9.16485 -41.5169 -0.497162 -0.0266318 -0.0393713 -0.995415 -0.083001
-8.72447 -45.4418 0.0607699 -0.0227055 -0.0632599 -0.992702 -0.100131
-10.2019 -48.5117 -0.359418 -0.00346442 -0.0380339 -0.990211 -0.134252
-12.4973 -51.7314 -0.269862 0.00101368 -0.0295327 -0.985441 -0.167428
-15.0535 -54.8129 -0.167966 0.0135246 -0.0229161 -0.979065 -0.201803
-17.7508 -57.7514 -0.0590181 0.0143188 -0.0226975 -0.972005 -0.233424
-20.7082 -60.4689 0.134463 0.0188248 -0.0219897 -0.963272 -0.266963
-23.7054 -62.9581 1.74139 0.0408922 -0.0214532 -0.953112 -0.299072
-27.2649 -64.4763 2.3901 0.00967245 -0.00356112 -0.939069 -0.343574
-31.6413 -66.0372 2.18195 0.0197585 -0.0139563 -0.925046 -0.379084
-35.9627 -67.5894 1.84507 0.0352665 -0.0270627 -0.912259 -0.407196
-40.4194 -68.4597 1.78464 0.0342381 -0.0374745 -0.898636 -0.43575
-43.9622 -68.8911 1.70047 0.0522039 -0.0510049 -0.884625 -0.460556
-44.0471 -68.889 1.70618 0.0477521 -0.0486998 -0.885125 -0.460328
-43.9256 -68.7795 1.68394 0.0507822 -0.0503295 -0.884832 -0.460392
-43.7647 -68.6585 1.68845 0.051323 -0.0504592 -0.885149 -0.459708
-43.7342 -68.535 1.67615 0.0620043 -0.0564209 -0.884594 -0.458765
-43.6231 -68.4195 1.64082 0.0704922 -0.0604101 -0.884479 -0.457251
-43.5213 -68.3051 1.6477 0.0626674 -0.0557872 -0.885203 -0.457576
-43.4058 -68.1434 1.6421 0.056765 -0.0521635 -0.88575 -0.457715
-43.3061 -67.9924 1.63914 0.058609 -0.0521713 -0.885842 -0.457303
-43.2159 -67.9241 1.63068 0.0614676 -0.0536558 -0.885795 -0.456848
-43.4056 -67.9176 1.62735 0.0559556 -0.0491209 -0.871275 -0.485115
-43.3386 -68.0731 1.63138 0.0638268 -0.0526603 -0.86888 -0.488058
-43.4264 -68.1496 1.65622 0.0519256 -0.0466885 -0.869719 -0.488583
-43.4084 -68.0767 1.66525 0.0451656 -0.0427903 -0.870144 -0.488855
-43.4519 -68.1216 1.66483 0.0489473 -0.0451819 -0.870138 -0.488285
-43.4287 -68.1506 1.65283 0.0492925 -0.0452468 -0.869741 -0.488951
-43.4746 -68.1576 1.66916 0.0417197 -0.0412972 -0.870223 -0.489149
-43.5066 -68.2409 1.65536 0.0420495 -0.041428 -0.869954 -0.489587
-43.3387 -68.1289 1.73044 0.0263959 -0.0327535 -0.870929 -0.489605
-44.4112 -68.5808 0.449976 0.00242657 -0.0302891 -0.886092 -0.462512
-45.39 -68.8754 1.06355 -0.00898209 -0.0224283 -0.909489 -0.415025
-45.54 -69.5124 3.37121 0.0230565 -0.0169999 -0.934271 -0.355412
-45.5288 -70.2427 2.46728 0.0162507 -0.00646506 -0.950509 -0.310205
